4120
7967
7866
5952
1313
3263
6132
6223
7661
8388
4731
7658
8222
5875
5017
9303
1657
8882
5853
7943
4991
9807
8431
9658
8868
8957
12620
9082
8809
6947
6476
11867
9931
7631
14407
8220
16591
6696
9695
10404
10456
6441
14916
10188
12820
12018
16328
8231
14777
15702
15049
11688
6346
10904
13780
12336
8660
12628
8622
5085
7283
7592
7516
5245
6108
4953
1098
6671
5937
4453
3632
5184
3486
6085
4422
2629
4797
4943
3267
3243
5221
7623
8745
6337
6004
3145
1964
5634
7363
7185
11806
15929
16393
11496
9311
10258
11337
9722
11498
10372
11745
13373
8728
7652
8477
8485
10678
8485
5471
8742
9004
12237
12588
12993
15472
9397
8417
12696
3876
10919
1579
7939
7302
13540
9425
7644
9947
8951
12891
4050
4294
9634
11715
7449
7374
9919
8898
12784
6524
6888
8697
11998
9209
8261
4113
9467
11015
6252
7747
8253
3914
7622
6567
5365
7512
9421
8738
7526
7940
7853
8594
10208
5403
8308
8621
11365
7170
8720
5512
4973
10008
5445
7503
4431
7911
11141
7752
9160
12485
10842
9064
15702
11588
6563
8360
13061
8217
16143
14719
12511
14629
10074
10382
11587
16371
10668
11853
5087
11027
7970
9241
13547
18789
10790
8479
11307
10513
12083
9012
11715
9550
5726
12803
7891
9057
5911
9621
3251
10831
6480
8935
9383
14066
8208
7102
14228
17747
9088
15643
8567
7334
6448
8841
9743
14270
10251
11603
12728
9884
8082
13837
12178
13264
10699
11478
7420
8288
7242
8717
12612
4666
8936
9935
11323
7503
12979
12779
6521
11606
9886
10401
12598
5372
7260
6288
11922
8186
14917
7833
10850
10276
5262
9330
10342
14393
5729
2706
8514
8799
9433
7755
5128
3369
8348
10312
2991
5633
11521
9233
7434
2779
8763
15440
7008
10582
9256
8516
9507
6102
5107
10088
6392
14471
8883
7078
12730
6337
12574
9679
13451
15267
17057
9100
11649
13817
13440
10926
4925
7842
15114
11076
10526
10580
7987
12113
9614
12282
9919
13475
18593
8674
12932
13378
17804
10244
6096
2772
6742
8606
9475
7251
7752
6228
3861
7307
13031
8314
12232
4952
10582
5421
7100
1388
5715
6123
11143
2610
9851
3294
4478
13634
10974
6958
7728
6089
